ncircles,popsize,cprob,mprob,mrange,sp,fitness,covered,overlaped
12,40,0.300,0.020,0.030,0.35,84.7578,84.7578,0.0000
12,40,0.300,0.020,0.040,0.35,78.1621,82.4170,0.0544
12,40,0.300,0.020,0.050,0.35,78.7697,78.7697,0.0000
12,40,0.300,0.020,0.060,0.35,75.4491,75.4491,0.0000
12,40,0.300,0.020,0.070,0.35,83.8323,83.8323,0.0000
12,40,0.300,0.030,0.030,0.35,77.5721,77.5721,0.0000
12,40,0.300,0.030,0.040,0.35,81.2194,81.2194,0.0000
12,40,0.300,0.030,0.050,0.35,76.7556,76.7556,0.0000
12,40,0.300,0.030,0.060,0.35,72.0186,75.9390,0.0544
12,40,0.300,0.030,0.070,0.35,79.2597,79.2597,0.0000
12,40,0.300,0.040,0.030,0.35,77.2455,77.2455,0.0000
12,40,0.300,0.040,0.040,0.35,79.3685,79.3685,0.0000
12,40,0.300,0.040,0.050,0.35,81.3283,81.3283,0.0000
12,40,0.300,0.040,0.060,0.35,73.7071,73.7071,0.0000
12,40,0.300,0.040,0.070,0.35,72.9450,72.9450,0.0000
12,40,0.300,0.050,0.030,0.35,84.7033,84.7033,0.0000
12,40,0.300,0.050,0.040,0.35,80.0762,80.0762,0.0000
12,40,0.300,0.050,0.050,0.35,86.0098,86.0098,0.0000
12,40,0.300,0.050,0.060,0.35,84.9755,84.9755,0.0000
12,40,0.300,0.050,0.070,0.35,76.2112,76.2112,0.0000
12,40,0.300,0.060,0.030,0.35,89.6570,89.6570,0.0000
12,40,0.300,0.060,0.040,0.35,84.4311,84.4311,0.0000
12,40,0.300,0.060,0.050,0.35,85.3021,85.3021,0.0000
12,40,0.300,0.060,0.060,0.35,78.1709,78.1709,0.0000
12,40,0.300,0.060,0.070,0.35,82.7436,82.7436,0.0000
12,40,0.300,0.070,0.030,0.35,85.0299,85.0299,0.0000
12,40,0.300,0.070,0.040,0.35,85.0844,85.0844,0.0000
12,40,0.300,0.070,0.050,0.35,70.3321,70.3321,0.0000
12,40,0.300,0.070,0.060,0.35,81.6004,81.6004,0.0000
12,40,0.300,0.070,0.070,0.35,82.6892,82.6892,0.0000
12,40,0.300,0.080,0.030,0.35,86.5542,86.5542,0.0000
12,40,0.300,0.080,0.040,0.35,84.5400,84.5400,0.0000
12,40,0.300,0.080,0.050,0.35,85.3021,85.3021,0.0000
12,40,0.300,0.080,0.060,0.35,80.4573,80.4573,0.0000
12,40,0.300,0.080,0.070,0.35,82.0904,82.0904,0.0000
-------------------------------------------
12,40,0.450,0.020,0.030,0.35,79.1508,79.1508,0.0000
12,40,0.450,0.020,0.040,0.35,75.1225,75.1225,0.0000
12,40,0.450,0.020,0.050,0.35,82.0359,82.0359,0.0000
12,40,0.450,0.020,0.060,0.35,78.8242,78.8242,0.0000
12,40,0.450,0.020,0.070,0.35,72.5640,72.5640,0.0000
12,40,0.450,0.030,0.030,0.35,82.3625,82.3625,0.0000
12,40,0.450,0.030,0.040,0.35,80.0218,80.0218,0.0000
12,40,0.450,0.030,0.050,0.35,82.3081,82.3081,0.0000
12,40,0.450,0.030,0.060,0.35,82.2537,82.2537,0.0000
12,40,0.450,0.030,0.070,0.35,76.2112,76.2112,0.0000
12,40,0.450,0.040,0.030,0.35,81.5460,81.5460,0.0000
12,40,0.450,0.040,0.040,0.35,83.8868,83.8868,0.0000
12,40,0.450,0.040,0.050,0.35,80.8928,80.8928,0.0000
12,40,0.450,0.040,0.060,0.35,81.4371,81.4371,0.0000
12,40,0.450,0.040,0.070,0.35,78.1709,78.1709,0.0000
12,40,0.450,0.050,0.030,0.35,80.4573,80.4573,0.0000
12,40,0.450,0.050,0.040,0.35,84.3223,84.3223,0.0000
12,40,0.450,0.050,0.050,0.35,86.0098,86.0098,0.0000
12,40,0.450,0.050,0.060,0.35,84.8666,84.8666,0.0000
12,40,0.450,0.050,0.070,0.35,82.3625,82.3625,0.0000
12,40,0.450,0.060,0.030,0.35,84.5400,84.5400,0.0000
12,40,0.450,0.060,0.040,0.35,73.3261,73.3261,0.0000
12,40,0.450,0.060,0.050,0.35,79.6952,79.6952,0.0000
12,40,0.450,0.060,0.060,0.35,74.3604,74.3604,0.0000
12,40,0.450,0.060,0.070,0.35,81.2738,81.2738,0.0000
12,40,0.450,0.070,0.030,0.35,80.0218,80.0218,0.0000
12,40,0.450,0.070,0.040,0.35,86.1187,86.1187,0.0000
12,40,0.450,0.070,0.050,0.35,83.0702,83.0702,0.0000
12,40,0.450,0.070,0.060,0.35,84.3223,84.3223,0.0000
12,40,0.450,0.070,0.070,0.35,75.0136,75.0136,0.0000
12,40,0.450,0.080,0.030,0.35,84.5400,84.5400,0.0000
12,40,0.450,0.080,0.040,0.35,86.0642,86.0642,0.0000
12,40,0.450,0.080,0.050,0.35,81.8726,81.8726,0.0000
12,40,0.450,0.080,0.060,0.35,81.2738,81.2738,0.0000
12,40,0.450,0.080,0.070,0.35,79.6407,79.6407,0.0000
-------------------------------------------
12,40,0.650,0.020,0.030,0.35,78.8786,78.8786,0.0000
12,40,0.650,0.020,0.040,0.35,81.4916,81.4916,0.0000
12,40,0.650,0.020,0.050,0.35,78.3686,82.6347,0.0544
12,40,0.650,0.020,0.060,0.35,74.1426,74.1426,0.0000
12,40,0.650,0.020,0.070,0.35,75.2314,75.2314,0.0000
12,40,0.650,0.030,0.030,0.35,85.5743,85.5743,0.0000
12,40,0.650,0.030,0.040,0.35,80.4028,80.4028,0.0000
12,40,0.650,0.030,0.050,0.35,72.7273,72.7273,0.0000
12,40,0.650,0.030,0.060,0.35,81.6549,81.6549,0.0000
12,40,0.650,0.030,0.070,0.35,67.5014,67.5014,0.0000
12,40,0.650,0.040,0.030,0.35,78.9330,78.9330,0.0000
12,40,0.650,0.040,0.040,0.35,87.8062,87.8062,0.0000
12,40,0.650,0.040,0.050,0.35,83.1791,83.1791,0.0000
12,40,0.650,0.040,0.060,0.35,77.5426,81.7637,0.0544
12,40,0.650,0.040,0.070,0.35,75.9935,75.9935,0.0000
12,40,0.650,0.050,0.030,0.35,83.5602,83.5602,0.0000
12,40,0.650,0.050,0.040,0.35,84.4311,84.4311,0.0000
12,40,0.650,0.050,0.050,0.35,88.1328,88.1328,0.0000
12,40,0.650,0.050,0.060,0.35,84.9755,84.9755,0.0000
12,40,0.650,0.050,0.070,0.35,75.3402,75.3402,0.0000
12,40,0.650,0.060,0.030,0.35,79.3685,79.3685,0.0000
12,40,0.650,0.060,0.040,0.35,86.2820,86.2820,0.0000
12,40,0.650,0.060,0.050,0.35,85.6287,85.6287,0.0000
12,40,0.650,0.060,0.060,0.35,75.7757,75.7757,0.0000
12,40,0.650,0.060,0.070,0.35,80.5117,80.5117,0.0000
12,40,0.650,0.070,0.030,0.35,85.0299,85.0299,0.0000
12,40,0.650,0.070,0.040,0.35,83.7235,83.7235,0.0000
12,40,0.650,0.070,0.050,0.35,84.2134,84.2134,0.0000
12,40,0.650,0.070,0.060,0.35,77.2999,77.2999,0.0000
12,40,0.650,0.070,0.070,0.35,81.4916,81.4916,0.0000
12,40,0.650,0.080,0.030,0.35,84.4311,84.4311,0.0000
12,40,0.650,0.080,0.040,0.35,81.7637,81.7637,0.0000
12,40,0.650,0.080,0.050,0.35,75.0136,75.0136,0.0000
12,40,0.650,0.080,0.060,0.35,75.2314,75.2314,0.0000
12,40,0.650,0.080,0.070,0.35,85.3021,85.3021,0.0000
-------------------------------------------
12,40,0.800,0.020,0.030,0.35,85.6832,85.6832,0.0000
12,40,0.800,0.020,0.040,0.35,78.2798,78.2798,0.0000
12,40,0.800,0.020,0.050,0.35,75.0680,75.0680,0.0000
12,40,0.800,0.020,0.060,0.35,77.0278,77.0278,0.0000
12,40,0.800,0.020,0.070,0.35,77.6810,77.6810,0.0000
12,40,0.800,0.030,0.030,0.35,81.0016,81.0016,0.0000
12,40,0.800,0.030,0.040,0.35,75.3947,75.3947,0.0000
12,40,0.800,0.030,0.050,0.35,78.3887,78.3887,0.0000
12,40,0.800,0.030,0.060,0.35,80.8928,80.8928,0.0000
12,40,0.800,0.030,0.070,0.35,78.0076,78.0076,0.0000
12,40,0.800,0.040,0.030,0.35,82.7980,82.7980,0.0000
12,40,0.800,0.040,0.040,0.35,83.7235,83.7235,0.0000
12,40,0.800,0.040,0.050,0.35,83.1247,83.1247,0.0000
12,40,0.800,0.040,0.060,0.35,82.5259,82.5259,0.0000
12,40,0.800,0.040,0.070,0.35,71.8637,75.7757,0.0544
12,40,0.800,0.050,0.030,0.35,83.1791,83.1791,0.0000
12,40,0.800,0.050,0.040,0.35,88.8949,88.8949,0.0000
12,40,0.800,0.050,0.050,0.35,85.8465,85.8465,0.0000
12,40,0.800,0.050,0.060,0.35,76.8100,76.8100,0.0000
12,40,0.800,0.050,0.070,0.35,87.4796,87.4796,0.0000
12,40,0.800,0.060,0.030,0.35,87.5340,87.5340,0.0000
12,40,0.800,0.060,0.040,0.35,79.6952,79.6952,0.0000
12,40,0.800,0.060,0.050,0.35,76.6467,76.6467,0.0000
12,40,0.800,0.060,0.060,0.35,74.1971,74.1971,0.0000
12,40,0.800,0.060,0.070,0.35,80.6750,80.6750,0.0000
12,40,0.800,0.070,0.030,0.35,81.0016,81.0016,0.0000
12,40,0.800,0.070,0.040,0.35,86.9897,86.9897,0.0000
12,40,0.800,0.070,0.050,0.35,85.0844,85.0844,0.0000
12,40,0.800,0.070,0.060,0.35,80.5885,84.9755,0.0544
12,40,0.800,0.070,0.070,0.35,81.0561,81.0561,0.0000
12,40,0.800,0.080,0.030,0.35,84.1590,84.1590,0.0000
12,40,0.800,0.080,0.040,0.35,77.8987,77.8987,0.0000
12,40,0.800,0.080,0.050,0.35,80.5117,80.5117,0.0000
12,40,0.800,0.080,0.060,0.35,82.1992,82.1992,0.0000
12,40,0.800,0.080,0.070,0.35,74.3059,74.3059,0.0000
-------------------------------------------
12,50,0.300,0.020,0.030,0.35,78.0621,78.0621,0.0000
12,50,0.300,0.020,0.040,0.35,82.3081,82.3081,0.0000
12,50,0.300,0.020,0.050,0.35,83.5057,83.5057,0.0000
12,50,0.300,0.020,0.060,0.35,76.1023,76.1023,0.0000
12,50,0.300,0.020,0.070,0.35,73.4894,73.4894,0.0000
12,50,0.300,0.030,0.030,0.35,89.4393,89.4393,0.0000
12,50,0.300,0.030,0.040,0.35,81.9271,81.9271,0.0000
12,50,0.300,0.030,0.050,0.35,81.1105,81.1105,0.0000
12,50,0.300,0.030,0.060,0.35,76.5923,76.5923,0.0000
12,50,0.300,0.030,0.070,0.35,76.6467,76.6467,0.0000
12,50,0.300,0.040,0.030,0.35,81.2194,81.2194,0.0000
12,50,0.300,0.040,0.040,0.35,81.3283,81.3283,0.0000
12,50,0.300,0.040,0.050,0.35,85.8465,85.8465,0.0000
12,50,0.300,0.040,0.060,0.35,71.8019,71.8019,0.0000
12,50,0.300,0.040,0.070,0.35,78.7697,78.7697,0.0000
12,50,0.300,0.050,0.030,0.35,86.5542,86.5542,0.0000
12,50,0.300,0.050,0.040,0.35,82.1448,82.1448,0.0000
12,50,0.300,0.050,0.050,0.35,83.1247,83.1247,0.0000
12,50,0.300,0.050,0.060,0.35,79.8040,79.8040,0.0000
12,50,0.300,0.050,0.070,0.35,85.4110,85.4110,0.0000
12,50,0.300,0.060,0.030,0.35,88.4050,88.4050,0.0000
12,50,0.300,0.060,0.040,0.35,87.9151,87.9151,0.0000
12,50,0.300,0.060,0.050,0.35,88.2961,88.2961,0.0000
12,50,0.300,0.060,0.060,0.35,82.6347,82.6347,0.0000
12,50,0.300,0.060,0.070,0.35,78.3887,78.3887,0.0000
12,50,0.300,0.070,0.030,0.35,85.5199,85.5199,0.0000
12,50,0.300,0.070,0.040,0.35,85.5199,85.5199,0.0000
12,50,0.300,0.070,0.050,0.35,84.0501,84.0501,0.0000
12,50,0.300,0.070,0.060,0.35,84.9755,84.9755,0.0000
12,50,0.300,0.070,0.070,0.35,85.0844,85.0844,0.0000
12,50,0.300,0.080,0.030,0.35,82.1448,82.1448,0.0000
12,50,0.300,0.080,0.040,0.35,82.7980,82.7980,0.0000
12,50,0.300,0.080,0.050,0.35,83.0158,83.0158,0.0000
12,50,0.300,0.080,0.060,0.35,71.8019,71.8019,0.0000
12,50,0.300,0.080,0.070,0.35,81.1649,81.1649,0.0000
-------------------------------------------
12,50,0.450,0.020,0.030,0.35,85.6287,85.6287,0.0000
12,50,0.450,0.020,0.040,0.35,82.3081,82.3081,0.0000
12,50,0.450,0.020,0.050,0.35,75.7757,75.7757,0.0000
12,50,0.450,0.020,0.060,0.35,76.6467,76.6467,0.0000
12,50,0.450,0.020,0.070,0.35,75.2858,75.2858,0.0000
12,50,0.450,0.030,0.030,0.35,86.6630,86.6630,0.0000
12,50,0.450,0.030,0.040,0.35,81.9815,81.9815,0.0000
12,50,0.450,0.030,0.050,0.35,77.4088,77.4088,0.0000
12,50,0.450,0.030,0.060,0.35,74.1426,74.1426,0.0000
12,50,0.450,0.030,0.070,0.35,77.5721,77.5721,0.0000
12,50,0.450,0.040,0.030,0.35,80.4573,80.4573,0.0000
12,50,0.450,0.040,0.040,0.35,90.2014,90.2014,0.0000
12,50,0.450,0.040,0.050,0.35,88.1873,88.1873,0.0000
12,50,0.450,0.040,0.060,0.35,79.2052,79.2052,0.0000
12,50,0.450,0.040,0.070,0.35,85.1932,85.1932,0.0000
12,50,0.450,0.050,0.030,0.35,85.9009,85.9009,0.0000
12,50,0.450,0.050,0.040,0.35,81.2194,81.2194,0.0000
12,50,0.450,0.050,0.050,0.35,81.1105,81.1105,0.0000
12,50,0.450,0.050,0.060,0.35,79.0419,79.0419,0.0000
12,50,0.450,0.050,0.070,0.35,80.0762,80.0762,0.0000
12,50,0.450,0.060,0.030,0.35,83.3968,83.3968,0.0000
12,50,0.450,0.060,0.040,0.35,90.2559,90.2559,0.0000
12,50,0.450,0.060,0.050,0.35,79.8040,79.8040,0.0000
12,50,0.450,0.060,0.060,0.35,83.5602,83.5602,0.0000
12,50,0.450,0.060,0.070,0.35,82.2537,82.2537,0.0000
12,50,0.450,0.070,0.030,0.35,81.6004,81.6004,0.0000
12,50,0.450,0.070,0.040,0.35,83.7235,83.7235,0.0000
12,50,0.450,0.070,0.050,0.35,78.1165,78.1165,0.0000
12,50,0.450,0.070,0.060,0.35,83.7235,83.7235,0.0000
12,50,0.450,0.070,0.070,0.35,84.1045,84.1045,0.0000
12,50,0.450,0.080,0.030,0.35,84.9755,84.9755,0.0000
12,50,0.450,0.080,0.040,0.35,85.2477,85.2477,0.0000
12,50,0.450,0.080,0.050,0.35,75.9390,75.9390,0.0000
12,50,0.450,0.080,0.060,0.35,79.2052,79.2052,0.0000
12,50,0.450,0.080,0.070,0.35,77.5721,77.5721,0.0000
-------------------------------------------
12,50,0.650,0.020,0.030,0.35,83.6690,83.6690,0.0000
12,50,0.650,0.020,0.040,0.35,82.3625,82.3625,0.0000
12,50,0.650,0.020,0.050,0.35,74.9592,74.9592,0.0000
12,50,0.650,0.020,0.060,0.35,80.5661,80.5661,0.0000
12,50,0.650,0.020,0.070,0.35,75.0680,75.0680,0.0000
12,50,0.650,0.030,0.030,0.35,82.0904,82.0904,0.0000
12,50,0.650,0.030,0.040,0.35,80.4028,80.4028,0.0000
12,50,0.650,0.030,0.050,0.35,75.2858,75.2858,0.0000
12,50,0.650,0.030,0.060,0.35,78.7697,78.7697,0.0000
12,50,0.650,0.030,0.070,0.35,83.6146,83.6146,0.0000
12,50,0.650,0.040,0.030,0.35,86.0098,86.0098,0.0000
12,50,0.650,0.040,0.040,0.35,85.3566,85.3566,0.0000
12,50,0.650,0.040,0.050,0.35,83.9412,83.9412,0.0000
12,50,0.650,0.040,0.060,0.35,77.3544,77.3544,0.0000
12,50,0.650,0.040,0.070,0.35,82.3081,82.3081,0.0000
12,50,0.650,0.050,0.030,0.35,92.3244,92.3244,0.0000
12,50,0.650,0.050,0.040,0.35,86.2275,86.2275,0.0000
12,50,0.650,0.050,0.050,0.35,74.9047,74.9047,0.0000
12,50,0.650,0.050,0.060,0.35,82.9069,82.9069,0.0000
12,50,0.650,0.050,0.070,0.35,76.2657,76.2657,0.0000
12,50,0.650,0.060,0.030,0.35,85.1388,85.1388,0.0000
12,50,0.650,0.060,0.040,0.35,84.0501,84.0501,0.0000
12,50,0.650,0.060,0.050,0.35,76.9733,76.9733,0.0000
12,50,0.650,0.060,0.060,0.35,77.9532,77.9532,0.0000
12,50,0.650,0.060,0.070,0.35,83.0702,83.0702,0.0000
12,50,0.650,0.070,0.030,0.35,83.9956,83.9956,0.0000
12,50,0.650,0.070,0.040,0.35,87.0985,87.0985,0.0000
12,50,0.650,0.070,0.050,0.35,87.0441,87.0441,0.0000
12,50,0.650,0.070,0.060,0.35,80.0762,80.0762,0.0000
12,50,0.650,0.070,0.070,0.35,81.5460,81.5460,0.0000
12,50,0.650,0.080,0.030,0.35,86.8808,86.8808,0.0000
12,50,0.650,0.080,0.040,0.35,82.6347,82.6347,0.0000
12,50,0.650,0.080,0.050,0.35,79.6076,83.9412,0.0544
12,50,0.650,0.080,0.060,0.35,83.9412,83.9412,0.0000
12,50,0.650,0.080,0.070,0.35,80.1306,80.1306,0.0000
-------------------------------------------
12,50,0.800,0.020,0.030,0.35,79.4774,79.4774,0.0000
12,50,0.800,0.020,0.040,0.35,69.5155,69.5155,0.0000
12,50,0.800,0.020,0.050,0.35,86.3909,86.3909,0.0000
12,50,0.800,0.020,0.060,0.35,74.9047,74.9047,0.0000
12,50,0.800,0.020,0.070,0.35,71.4208,71.4208,0.0000
12,50,0.800,0.030,0.030,0.35,85.7921,85.7921,0.0000
12,50,0.800,0.030,0.040,0.35,84.5400,84.5400,0.0000
12,50,0.800,0.030,0.050,0.35,84.1045,84.1045,0.0000
12,50,0.800,0.030,0.060,0.35,82.6347,82.6347,0.0000
12,50,0.800,0.030,0.070,0.35,84.1590,84.1590,0.0000
12,50,0.800,0.040,0.030,0.35,86.2275,86.2275,0.0000
12,50,0.800,0.040,0.040,0.35,87.2618,87.2618,0.0000
12,50,0.800,0.040,0.050,0.35,80.1851,80.1851,0.0000
12,50,0.800,0.040,0.060,0.35,87.6429,87.6429,0.0000
12,50,0.800,0.040,0.070,0.35,79.0419,79.0419,0.0000
12,50,0.800,0.050,0.030,0.35,81.0561,81.0561,0.0000
12,50,0.800,0.050,0.040,0.35,85.7376,85.7376,0.0000
12,50,0.800,0.050,0.050,0.35,82.6892,82.6892,0.0000
12,50,0.800,0.050,0.060,0.35,82.5259,82.5259,0.0000
12,50,0.800,0.050,0.070,0.35,79.2052,79.2052,0.0000
12,50,0.800,0.060,0.030,0.35,83.2335,83.2335,0.0000
12,50,0.800,0.060,0.040,0.35,86.4453,86.4453,0.0000
12,50,0.800,0.060,0.050,0.35,83.2880,83.2880,0.0000
12,50,0.800,0.060,0.060,0.35,76.7011,76.7011,0.0000
12,50,0.800,0.060,0.070,0.35,85.5743,85.5743,0.0000
12,50,0.800,0.070,0.030,0.35,86.2820,86.2820,0.0000
12,50,0.800,0.070,0.040,0.35,85.7921,85.7921,0.0000
12,50,0.800,0.070,0.050,0.35,85.1932,85.1932,0.0000
12,50,0.800,0.070,0.060,0.35,80.8928,80.8928,0.0000
12,50,0.800,0.070,0.070,0.35,87.5340,87.5340,0.0000
12,50,0.800,0.080,0.030,0.35,86.5542,86.5542,0.0000
12,50,0.800,0.080,0.040,0.35,80.0218,80.0218,0.0000
12,50,0.800,0.080,0.050,0.35,80.1306,80.1306,0.0000
12,50,0.800,0.080,0.060,0.35,84.6489,84.6489,0.0000
12,50,0.800,0.080,0.070,0.35,73.0511,77.0278,0.0544
-------------------------------------------
12,60,0.300,0.020,0.030,0.35,82.1992,82.1992,0.0000
12,60,0.300,0.020,0.040,0.35,79.3141,79.3141,0.0000
12,60,0.300,0.020,0.050,0.35,78.4431,78.4431,0.0000
12,60,0.300,0.020,0.060,0.35,81.3283,81.3283,0.0000
12,60,0.300,0.020,0.070,0.35,77.5177,77.5177,0.0000
12,60,0.300,0.030,0.030,0.35,86.6630,86.6630,0.0000
12,60,0.300,0.030,0.040,0.35,81.1105,81.1105,0.0000
12,60,0.300,0.030,0.050,0.35,75.8302,75.8302,0.0000
12,60,0.300,0.030,0.060,0.35,86.3364,86.3364,0.0000
12,60,0.300,0.030,0.070,0.35,78.8786,78.8786,0.0000
12,60,0.300,0.040,0.030,0.35,84.7578,84.7578,0.0000
12,60,0.300,0.040,0.040,0.35,84.7578,84.7578,0.0000
12,60,0.300,0.040,0.050,0.35,80.8928,80.8928,0.0000
12,60,0.300,0.040,0.060,0.35,83.6690,83.6690,0.0000
12,60,0.300,0.040,0.070,0.35,82.5259,82.5259,0.0000
12,60,0.300,0.050,0.030,0.35,82.2537,82.2537,0.0000
12,60,0.300,0.050,0.040,0.35,82.7980,82.7980,0.0000
12,60,0.300,0.050,0.050,0.35,80.6206,80.6206,0.0000
12,60,0.300,0.050,0.060,0.35,82.1448,82.1448,0.0000
12,60,0.300,0.050,0.070,0.35,80.1851,80.1851,0.0000
12,60,0.300,0.060,0.030,0.35,85.3566,85.3566,0.0000
12,60,0.300,0.060,0.040,0.35,83.8323,83.8323,0.0000
12,60,0.300,0.060,0.050,0.35,80.5117,80.5117,0.0000
12,60,0.300,0.060,0.060,0.35,84.0501,84.0501,0.0000
12,60,0.300,0.060,0.070,0.35,79.8585,79.8585,0.0000
12,60,0.300,0.070,0.030,0.35,87.9695,87.9695,0.0000
12,60,0.300,0.070,0.040,0.35,86.1731,86.1731,0.0000
12,60,0.300,0.070,0.050,0.35,70.2776,70.2776,0.0000
12,60,0.300,0.070,0.060,0.35,84.4856,84.4856,0.0000
12,60,0.300,0.070,0.070,0.35,75.4491,75.4491,0.0000
12,60,0.300,0.080,0.030,0.35,86.6086,86.6086,0.0000
12,60,0.300,0.080,0.040,0.35,80.6206,80.6206,0.0000
12,60,0.300,0.080,0.050,0.35,86.1731,86.1731,0.0000
12,60,0.300,0.080,0.060,0.35,85.7376,85.7376,0.0000
12,60,0.300,0.080,0.070,0.35,86.6630,86.6630,0.0000
-------------------------------------------
12,60,0.450,0.020,0.030,0.35,79.8040,79.8040,0.0000
12,60,0.450,0.020,0.040,0.35,88.1328,88.1328,0.0000
12,60,0.450,0.020,0.050,0.35,79.8040,79.8040,0.0000
12,60,0.450,0.020,0.060,0.35,82.5259,82.5259,0.0000
12,60,0.450,0.020,0.070,0.35,82.3625,82.3625,0.0000
12,60,0.450,0.030,0.030,0.35,79.7496,79.7496,0.0000
12,60,0.450,0.030,0.040,0.35,87.9695,87.9695,0.0000
12,60,0.450,0.030,0.050,0.35,83.8868,83.8868,0.0000
12,60,0.450,0.030,0.060,0.35,84.2134,84.2134,0.0000
12,60,0.450,0.030,0.070,0.35,74.1971,74.1971,0.0000
12,60,0.450,0.040,0.030,0.35,86.9352,86.9352,0.0000
12,60,0.450,0.040,0.040,0.35,84.4856,84.4856,0.0000
12,60,0.450,0.040,0.050,0.35,83.2880,83.2880,0.0000
12,60,0.450,0.040,0.060,0.35,85.5743,85.5743,0.0000
12,60,0.450,0.040,0.070,0.35,76.0479,76.0479,0.0000
12,60,0.450,0.050,0.030,0.35,89.0038,89.0038,0.0000
12,60,0.450,0.050,0.040,0.35,85.7921,85.7921,0.0000
12,60,0.450,0.050,0.050,0.35,78.9875,78.9875,0.0000
12,60,0.450,0.050,0.060,0.35,78.2798,78.2798,0.0000
12,60,0.450,0.050,0.070,0.35,72.4007,72.4007,0.0000
12,60,0.450,0.060,0.030,0.35,86.4453,86.4453,0.0000
12,60,0.450,0.060,0.040,0.35,90.9091,90.9091,0.0000
12,60,0.450,0.060,0.050,0.35,85.3566,85.3566,0.0000
12,60,0.450,0.060,0.060,0.35,75.7757,75.7757,0.0000
12,60,0.450,0.060,0.070,0.35,84.9211,84.9211,0.0000
12,60,0.450,0.070,0.030,0.35,86.1187,86.1187,0.0000
12,60,0.450,0.070,0.040,0.35,83.5602,83.5602,0.0000
12,60,0.450,0.070,0.050,0.35,83.8868,83.8868,0.0000
12,60,0.450,0.070,0.060,0.35,85.3566,85.3566,0.0000
12,60,0.450,0.070,0.070,0.35,79.6952,79.6952,0.0000
12,60,0.450,0.080,0.030,0.35,86.7175,86.7175,0.0000
12,60,0.450,0.080,0.040,0.35,84.5400,84.5400,0.0000
12,60,0.450,0.080,0.050,0.35,88.1873,88.1873,0.0000
12,60,0.450,0.080,0.060,0.35,84.9211,84.9211,0.0000
12,60,0.450,0.080,0.070,0.35,77.7899,77.7899,0.0000
-------------------------------------------
12,60,0.650,0.020,0.030,0.35,83.0158,83.0158,0.0000
12,60,0.650,0.020,0.040,0.35,81.9271,81.9271,0.0000
12,60,0.650,0.020,0.050,0.35,80.1306,80.1306,0.0000
12,60,0.650,0.020,0.060,0.35,84.8122,84.8122,0.0000
12,60,0.650,0.020,0.070,0.35,72.6728,72.6728,0.0000
12,60,0.650,0.030,0.030,0.35,86.9897,86.9897,0.0000
12,60,0.650,0.030,0.040,0.35,86.3364,86.3364,0.0000
12,60,0.650,0.030,0.050,0.35,79.1508,79.1508,0.0000
12,60,0.650,0.030,0.060,0.35,77.0278,77.0278,0.0000
12,60,0.650,0.030,0.070,0.35,85.7376,85.7376,0.0000
12,60,0.650,0.040,0.030,0.35,85.7921,85.7921,0.0000
12,60,0.650,0.040,0.040,0.35,75.6124,75.6124,0.0000
12,60,0.650,0.040,0.050,0.35,86.4997,86.4997,0.0000
12,60,0.650,0.040,0.060,0.35,84.1590,84.1590,0.0000
12,60,0.650,0.040,0.070,0.35,80.1851,80.1851,0.0000
12,60,0.650,0.050,0.030,0.35,87.4251,87.4251,0.0000
12,60,0.650,0.050,0.040,0.35,86.8263,86.8263,0.0000
12,60,0.650,0.050,0.050,0.35,85.1388,85.1388,0.0000
12,60,0.650,0.050,0.060,0.35,76.1568,76.1568,0.0000
12,60,0.650,0.050,0.070,0.35,80.5117,80.5117,0.0000
12,60,0.650,0.060,0.030,0.35,88.0240,88.0240,0.0000
12,60,0.650,0.060,0.040,0.35,87.7518,87.7518,0.0000
12,60,0.650,0.060,0.050,0.35,81.0561,81.0561,0.0000
12,60,0.650,0.060,0.060,0.35,77.2455,77.2455,0.0000
12,60,0.650,0.060,0.070,0.35,75.5035,75.5035,0.0000
12,60,0.650,0.070,0.030,0.35,86.7719,86.7719,0.0000
12,60,0.650,0.070,0.040,0.35,85.2477,85.2477,0.0000
12,60,0.650,0.070,0.050,0.35,82.5259,82.5259,0.0000
12,60,0.650,0.070,0.060,0.35,82.8525,82.8525,0.0000
12,60,0.650,0.070,0.070,0.35,81.3827,81.3827,0.0000
12,60,0.650,0.080,0.030,0.35,85.4110,85.4110,0.0000
12,60,0.650,0.080,0.040,0.35,83.9412,83.9412,0.0000
12,60,0.650,0.080,0.050,0.35,83.2880,83.2880,0.0000
12,60,0.650,0.080,0.060,0.35,80.7839,80.7839,0.0000
12,60,0.650,0.080,0.070,0.35,82.1992,82.1992,0.0000
-------------------------------------------
12,60,0.800,0.020,0.030,0.35,85.1932,85.1932,0.0000
12,60,0.800,0.020,0.040,0.35,82.9069,82.9069,0.0000
12,60,0.800,0.020,0.050,0.35,87.8062,87.8062,0.0000
12,60,0.800,0.020,0.060,0.35,82.1448,82.1448,0.0000
12,60,0.800,0.020,0.070,0.35,79.9129,79.9129,0.0000
12,60,0.800,0.030,0.030,0.35,84.0501,84.0501,0.0000
12,60,0.800,0.030,0.040,0.35,81.6549,81.6549,0.0000
12,60,0.800,0.030,0.050,0.35,75.8302,75.8302,0.0000
12,60,0.800,0.030,0.060,0.35,89.4937,89.4937,0.0000
12,60,0.800,0.030,0.070,0.35,80.7295,80.7295,0.0000
12,60,0.800,0.040,0.030,0.35,81.9815,81.9815,0.0000
12,60,0.800,0.040,0.040,0.35,81.7093,81.7093,0.0000
12,60,0.800,0.040,0.050,0.35,78.8242,78.8242,0.0000
12,60,0.800,0.040,0.060,0.35,82.2537,82.2537,0.0000
12,60,0.800,0.040,0.070,0.35,83.3424,83.3424,0.0000
12,60,0.800,0.050,0.030,0.35,87.9695,87.9695,0.0000
12,60,0.800,0.050,0.040,0.35,84.5944,84.5944,0.0000
12,60,0.800,0.050,0.050,0.35,79.7625,84.1045,0.0544
12,60,0.800,0.050,0.060,0.35,80.7295,80.7295,0.0000
12,60,0.800,0.050,0.070,0.35,81.9815,81.9815,0.0000
12,60,0.800,0.060,0.030,0.35,86.1187,86.1187,0.0000
12,60,0.800,0.060,0.040,0.35,83.8868,83.8868,0.0000
12,60,0.800,0.060,0.050,0.35,87.6973,87.6973,0.0000
12,60,0.800,0.060,0.060,0.35,83.8868,83.8868,0.0000
12,60,0.800,0.060,0.070,0.35,78.4431,78.4431,0.0000
12,60,0.800,0.070,0.030,0.35,85.3566,85.3566,0.0000
12,60,0.800,0.070,0.040,0.35,86.1187,86.1187,0.0000
12,60,0.800,0.070,0.050,0.35,81.6004,81.6004,0.0000
12,60,0.800,0.070,0.060,0.35,81.6549,81.6549,0.0000
12,60,0.800,0.070,0.070,0.35,84.5944,84.5944,0.0000
12,60,0.800,0.080,0.030,0.35,80.4573,80.4573,0.0000
12,60,0.800,0.080,0.040,0.35,85.4654,85.4654,0.0000
12,60,0.800,0.080,0.050,0.35,79.9673,79.9673,0.0000
12,60,0.800,0.080,0.060,0.35,77.3544,77.3544,0.0000
12,60,0.800,0.080,0.070,0.35,83.8323,83.8323,0.0000
-------------------------------------------
